32 
32 
32 
32 
32 
32 
32 
32 
32 
32 
32 
32 
32 
32 
32 
32 
32 
32 
32 
32 
32 
32
32 
32
32
32 
32
32
32 
32 
32 
32 
32 
32 
32 
32 
32 
32 
32 
32 
32 
32 
32 
32 
32 
32 
32 
32 
32 
32 
32 
32 
32 
32 
32 
32 
32 
32 
32 
32 
32 
32 
32 
32 
32 
32 
32 
32 
32 
32 
32 
32 
32 
32 
32 
32 
32 
32 
32 
32 
32 
32 
32 
32 
32 
32 
32 
32 
32 
32 
32 
32 
32 
32 
32 
32 
32 
32 
32 
32 
32 
32 
32 
32 
32 
32 
976 
976 
976 
976 
976 
976 
976 
976 
976 
976 
976 
976 
976 
976 
976 
976 
55 
55 
55 
55 
55 
55 
55 
55 
55 
55 
1659 
1659 
1659 
1659 
1659 
1659 
1659 
1659 
1659 
1659 
1659 
1659 
47 
47 
47 
47 
47 
47 
47 
47 
47 
47 
612 
612 
612 
612 
612 
612 
612 
612 
612 
612 
155 
155 
155 
334 
334 
334 
535 
535 
535 
76 
76 
76 
76 
76 
76 
76 
76 
76 
76 
76 
49 
49 
49 
49 
49 
49 
49 
49 
49 
49 
49 
49 
49 
49 
49 
49 
824 
824 
824 
824 
824 
824 
824 
824 
824 
824 
824 
824 
824 
824 
824 
824 
824 
592 
592 
592 
592 
592 
592 
592 
592 
592 
592 
592 
592 
592 
592 
592 
1 
1 
1 
1 
1 
1 
1 
1 
1 
1 
1 
1 
1 
179 
179 
179 
179 
179 
179 
179 
179 
179 
179 
179 
179 
179 
179 
548 
548 
548 
548 
548 
548 
548 
548 
548 
548 
548 
548 
548 
548 
548 
548 
259 
259 
259 
259 
259 
259 
259 
259 
259 
259 
259 
259 
286 
286 
286 
286 
286 
286 
286 
286 
286 
286 
286 
286 
286 
286 
286 
286 
286 
286 
570 
570 
570 
570 
570 
570 
570 
570 
570 
570 
570 
570 
570 
570 
570 
570 
570 
242 
242 
242 
242 
242 
242 
242 
242 
242 
242 
39 
39 
39 
39 
39 
39 
39 
39 
39 
39 
39 
39 
39 
39 
39 
39 
39 
39 
39 
39 
39 
39 
39 
39 
39 
39 
39 
39 
39 
39 
39 
39 
39 
39 
39 
39 
39 
39 
39 
39 
39 
39 
39 
39 
39 
39 
39 
39 
39 
39 
39 
39 
39 
39 
39 
39 
39 
39 
39 
39 
39 
39 
39 
39 
39 
39 
39 
39 
39 
39 
39 
39 
39 
39 
39 
39 
39 
39 
39 
39 
39 
39 
39 
39 
39 
39 
39 
39 
39 
39 
39 
39 
39 
39 
39 
39 
39 
39 
39 
39 
39 
39 
39 
39 
39 
39 
39 
39 
39 
39 
39 
39 
39 
39 
39 
39 
39 
39 
39 
39 
39 
39 
39 
39 
39 
39 
39 
39 
39 
39 
39 
39 
39 
39 
39 
39 
39 
39 
39 
39 
39 
39 
39 
39 
39 
39 
39 
39 
39 
39 
39 
39 
39 
39 
39 
39 
39 
39 
39 
39 
39 
39 
39 
39 
39 
39 
39 
39 
39 
39 
39 
39 
39 
39 
39 
39 
39 
39 
39 
39 
39 
39 
39 
39 
39 
39 
39 
39 
39 
39 
39 
39 
39 
39 
39 
39 
39 
39 
39 
39 
39 
39 
39 
39 
39 
39 
39 
39 
39 
39 
39 
39 
39 
39 
39 
39 
39 
39 
39 
39 
39 
39 
39 
39 
39 
39 
39 
39 
39 
39 
39 
39 
39 
39 
39 
39 
39 
39 
39 
39 
39 
39 
39 
39 
39 
39 
39 
39 
39 
39 
39 
39 
39 
39 
39 
39 
39 
39 
39 
39 
39 
39 
39 
39 
39 
39 
39 
39 
39 
39 
39 
39 
39 
39 
39 
39 
39 
39 
39 
39 
39 
39 
39 
39 
39 
39 
39 
39 
39 
39 
39 
39 
39 
39 
39 
39 
39 
39 
39 
39 
39 
39 
39 
39 
39 
39 
39 
39 
39 
39 
39 
39 
39 
39 
39 
39 
39 
39 
39 
39 
39 
39 
39 
39 
39 
39 
39 
39 
39 
39 
39 
39 
39 
39 
39 
39 
39 
39 
39 
39 
39 
39 
39 
39 
39 
39 
39 
39 
39 
39 
39 
39 
39 
39 
39 
39 
39 
39 
39 
39 
39 
39 
39 
39 
39 
39 
39 
39 
39 
39 
39 
39 
39 
39 
39 
39 
39 
39 
39 
39 
39 
39 
39 
39 
39 
39 
39 
39 
39 
39 
39 
39 
39 
39 
39 
39 
39 
39 
39 
39 
39 
39 
39 
39 
39 
39 
39 
39 
39 
39 
39 
39 
39 
39 
39 
39 
39 
39 
39 
39 
39 
39 
39 
39 
39 
39 
39 
39 
39 
39 
39 
39 
39 
39 
39 
39 
39 
39 
39 
39 
39 
39 
39 
39 
39 
39 
39 
39 
39 
3939 
39 
39 
39 
39 
39 
39 
39 
39 
39 
39 
39 
39 
39 
39 
39 
39 
39 
39 
39 
39 
39 
39 
39 
39 
39 
39 
39 
39 
39 
39 
39 
39 
39 
39 
39 
39 
39 
39 
39 
39 
39 
39 
39 
39 
39 
39 
39 
39 
39 
39 
39 
39 
39 
39 
39 
39 
39 
39 
39 
39 
39 
39 
39 
39 
39 
39 
39 
39 
39 
39 
39 
39 
39 
39 
39 
39 
39 
39 
39 
39 
39 
39 
39 
39 
39 
39 
39 
39 
39 
39 
39 
39 
39 
39 
39 
39 
39 
39 
39 
39 
39 
39 
39 
39 
39 
39 
39 
39 
39 
39 
39 
39 
39 
39 
39 
39 
39 
39 
39 
39 
39 
39 
39 
39 
39 
39 
39 
39 
39 
39 
39 
39 
39 
39 
39 
39 
39 
39 
39 
39 
39 
39 
39 
39 
39 
39 
39 
39 
39 
39 
39 
39 
39 
39 
39 
39 
39 
39 
30 
30 
79 
79 
79 
79 
79 
79 
79 
79 
79 
79 
79 
79 
79 
359 
359 
359 
359 
359 
359 
359 
359 
359 
359 
359 
358 
358 
358 
358 
358 
358 
358 
358 
358 
358 
358 
95 
95 
95 
95 
95 
95 
95 
95 
95 
95 
45 
45 
45 
45 
45 
45 
45 
45 
45 
45 
550 
550 
550 
550 
550 
550 
550 
550 
550 
550 
550 
550 
550 
147 
147 
147 
147 
147 
147 
147 
147 
147 
147 
147 
147 
105 
105 
105 
105 
105 
105 
105 
105 
105 
105 
105 
105 
340 
340 
340 
340 
340 
340 
340 
340 
340 
340 
340 
340 
60 
60 
60 
60 
60 
60 
60 
60 
60 
60 
60 
60 
60 
264 
264 
264 
264 
264 
264 
264 
264 
264 
264 
264 
185 
185 
185 
185 
185 
185 
185 
185 
185 
185 
441 
441 
441 
441 
441 
441 
441 
441 
441 
441 
441 
441 
441 
441 
441 
475 
475 
475 
475 
475 
475 
475 
475 
475 
475 
475 
475 
475 
475 
475 
475 
475 
475 
475 
475 
475 
475 
310 
310 
310 
310 
310 
310 
310 
310 
310 
310 
310 
310 
310 
310 
310 
310 
310 
310 
310 
310 
310 
310 
310 
310 
310 
310 
522 
522 
522 
522 
522 
522 
522 
522 
522 
522 
522 
522 
522 
522 
522 
522 
522 
522 
522 
225 
225 
225 
225 
225 
225 
225 
225 
225 
225 
225 
225 
694 
694 
694 
694 
694 
694 
694 
694 
694 
694 
604 
604 
604 
604 
604 
604 
604 
604 
604 
604 
604 
604 
604 
604 
237 
237 
237 
237 
237 
237 
237 
237 
237 
237 
237 
237 
237 
237 
237 
237 
237 
237 
237 
237 
237 
237 
237 
237 
237 
413 
413 
413 
413 
413 
413 
413 
413 
413 
413 
413 
956 
956 
956 
956 
956 
956 
956 
956 
956 
956 
117 
117 
117 
117 
117 
117 
117 
117 
117 
117 
117 
117 
117 
117 
117 
37 
37 
37 
37 
37 
37 
37 
37 
37 
37 
37 
37 
37 
37 
37 
37 
37 
37 
37 
89 
89 
89 
89 
89 
89 
89 
89 
89 
89 
89 
89 
89 
89 
89 
89 
89 
89 
89 
89 
89 
89 
89 
89 
89 
89 
89 
89 
89 
89 
89 
89 
89 
89 
89 
89 
371 
371 
371 
371 
371 
371 
371 
371 
371 
371 
371 
677 
677 
677 
677 
677 
677 
677 
677 
677 
677 
677 
677 
677 
65 
65 
65 
65 
65 
65 
65 
65 
65 
65 
65 
65 
65 
65 
65 
65 
65 
65 
65 
65 
65 
65 
65 
65 
65 
65 
65 
65 
65 
65 
65 
65 
65 
65 
123 
123 
123 
123 
123 
123 
123 
123 
123 
123 
123 
123 
123 
123 
123 
123 
123 
123 
123 
123 
36 
36 
36 
36 
36 
36 
36 
36 
36 
36 
36 
36 
36 
36 
36 
36 
36 
36 
36 
36 
36 
36 
36 
36 
36 
36 
36 
36 
36 
36 
36 
36 
36 
36 
36 
36 
36 
36 
36 
36 
36 
36 
36 
36 
9 
9 
9 
9 
9 
9 
9 
9 
9 
9 
9 
9 
9 
9 
855 
855 
855 
855 
855 
855 
855 
855 
855 
855 
855 
855 
855 
855 
855 
855 
855 
270 
270 
270 
270 
270 
270 
270 
270 
270 
270 
270 
740 
740 
740 
740 
740 
740 
740 
740 
740 
740 
740 
740 
740 
740 
740 
740 
740 
11 
11 
11 
11 
11 
11 
11 
11 
11 
11 
11 
664 
664 
664 
664 
664 
664 
664 
664 
664 
664 
664 
664 
664 
664 
664 
664 
664 
664 
664 
664 
664 
664 
664 
201 
201 
201 
201 
201 
201 
201 
201 
201 
201 
1393 
1393 
1393 
1393 
1393 
1393 
1393 
1393 
1393 
1393 
271 
271 
271 
271 
271 
271 
271 
271 
271 
271 
271 
271 
271 
271 
271 
271 
255 
255 
255 
255 
255 
255 
255 
255 
255 
255 
255 
255 
255 
255 
255 
255 
255 
255 
255 
255 
255 
255 
255 
255 
255 
255 
255 
255 
255 
255 
255 
589 
589 
589 
589 
589 
589 
589 
589 
589 
589 
589 
589 
589 
589 
589 
589 
589 
589 
161 
161 
161 
161 
161 
161 
161 
161 
161 
161 
161 
161 
161 
1233 
1233 
1233 
1233 
1233 
1233 
1233 
1233 
1233 
1233 
1233 
1233 
249 
249 
249 
249 
249 
249 
249 
249 
249 
249 
249 
249 
249 
249 
249 
249 
249 
110 
110 
110 
110 
110 
110 
110 
110 
110 
110 
110 
110 
110 
110 
110 
110 
110 
110 
110 
110 
110 
110 
110 
110 
110 
110 
110 
110 
110 
110 
110 
110 
110 
110 
110 
110 
110 
110 
110 
110 
110 
110 
438 
438 
438 
438 
438 
438 
438 
438 
438 
438 
438 
438 
438 
438 
438 
438 
438 
438 
438 
438 
208 
208 
208 
208 
208 
208 
208 
208 
208 
208 
101 
101 
101 
101 
101 
101 
101 
101 
101 
101 
101 
101 
101 
101 
101 
101 
101 
101 
101 
101 
101 
101 
101 
101 
101 
101 
101 
170 
170 
170 
170 
170 
170 
170 
170 
170 
170 
170 
170 
170 
170 
170 
170 
170 
170 
170 
170 
170 
170 
170 
170 
170 
170 
170 
170 
170 
170 
170 
170 
170 
170 
170 
170 
170 
170 
170 
170 
170 
170 
170 
170 
170 
170 
170 
170 
170 
170 
170 
170 
170 
170 
533 
533 
533 
533 
533 
533 
533 
533 
533 
533 
533 
533 
533 
533 
533 
381 
381 
381 
381 
381 
381 
381 
381 
381 
381 
381 
38 
38 
38 
38 
38 
38 
38 
38 
38 
38 
38 
38 
38 
38 
38 
38 
38 
38 
38 
38 
38 
38 
38 
38 
38 
38 
38 
38 
38 
38 
38 
38 
38 
38 
38 
38 
38 
38 
38 
38 
38 
38 
38 
38 
38 
38 
38 
38 
38 
38 
38 
38 
38 
38 
38 
38 
38 
38 
38 
38 
38 
38 
38 
38 
38 
38 
38 
38 
38 
38 
38 
38 
38 
38 
38 
38 
38 
38 
38 
38 
38 
38 
38 
38 
38 
38 
38 
38 
38 
38 
38 
38 
38 
38 
38 
38 
38 
38 
38 
38 
38 
38 
38 
38 
38 
38 
38 
38 
38 
38 
38 
38 
38 
38 
38 
38 
38 
38 
38 
38 
38 
38 
38 
38 
38 
38 
38 
38 
38 
38 
38 
38 
38 
38 
38 
38 
38 
38 
38 
38 
38 
38 
38 
38 
38 
38 
38 
38 
38 
38 
38 
38 
38 
38 
38 
38 
38 
38 
38 
38 
38 
38 
38 
38 
38 
38 
38 
38 
38 
38 
38 
38 
38 
38 
38 
38 
38 
38 
38 
38 
38 
38 
38 
38 
38 
38 
38 
38 
38 
38 
38 
38 
38 
38 
38 
38 
38 
38 
38 
38 
38 
38 
38 
38 
38 
38 
38 
38 
38 
38 
38 
38 
38 
38 
38 
38 
38 
38 
38 
38 
38 
38 
38 
38 
38 
38 
38 
38 
38 
38 
38 
38 
38 
38 
38 
38 
38 
38 
38 
38 
38 
38 
38 
38 
38 
48 
48 
48 
48 
48 
48 
48 
48 
48 
48 
48 
48 
48 
48 
48 
48 
48 
48 
48 
48 
48 
48 
48 
48 
48 
48 
48 
48 
48 
48 
48 
48 
48 
48 
48 
48 
48 
48 
48 
48 
48 
48 
48 
48 
48 
48 
48 
48 
48 
48 
48 
48 
48 
48 
48 
48 
48 
48 
48 
48 
48 
48 
48 
48 
48 
48 
48 
48 
48 
48 
48 
48 
48 
48 
48 
48 
48 
48 
48 
48 
48 
48 
48 
48 
48 
48 
48 
48 
48 
48 
48 
48 
48 
48 
48 
48 
48 
48 
48 
48 
48 
48 
48 
48 
48 
48 
48 
48 
48 
48 
48 
48 
48 
48 
48 
48 
48 
48 
48 
48 
48 
48 
48 
48 
48 
48 
48 
48 
48 
48 
48 
48 
48 
48 
48 
48 
48 
48 
48 
48 
48 
48 
48 
48 
48 
48 
48 
48 
48 
48 
48 
48 
48 
48 
48 
48 
48 
48 
48 
48 
48 
48 
48 
48 
48 
48 
48 
48 
48 
48 
48 
48 
48 
48 
48 
48 
48 
48 
48 
48 
48 
48 
48 
48 
48 
48 
48 
48 
48 
48 
48 
48 
48 
48 
48 
48 
48 
48 
48 
48 
48 
48 
48 
48 
48 
48 
48 
48 
48 
48 
48 
48 
48 
48 
48 
48 
48 
48 
48 
48 
48 
48 
48 
48 
48 
48 
48 
48 
48 
48 
48 
48 
48 
48 
48 
48 
48 
48 
48 
48 
48 
48 
48 
48 
48 
48 
48 
48 
48 
48 
48 
48 
48 
48 
48 
48 
48 
48 
48 
48 
48 
48 
48 
48 
48 
48 
48 
48 
48 
48 
48 
48 
48 
48 
48 
48 
48 
48 
48 
48 
48 
48 
48 
48 
48 
48 
48 
48 
48 
48 
48 
48 
48 
48 
48 
48 
48 
48 
48 
48 
48 
48 
48 
48 
48 
48 
48 
48 
48 
48 
48 
48 
48 
48 
48 
48 
48 
48 
48 
48 
48 
48 
48 
48 
48 
48 
48 
48 
48 
48 
48 
48 
48 
48 
48 
48 
48 
48 
48 
48 
48 
48 
48 
48 
48 
48 
48 
48 
48 
48 
48 
48 
48 
48 
48 
48 
48 
48 
48 
48 
48 
48 
48 
48 
48 
48 
48 
48 
48 
48 
48 
48 
48 
48 
48 
48 
48 
48 
48 
48 
48 
48 
48 
48 
48 
48 
48 
48 
48 
48 
48 
48 
48 
48 
48 
48 
48 
48 
48 
48 
48 
48 
48 
48 
48 
48 
48 
48 
48 
48 
48 
48 
48 
48 
48 
48 
48 
48 
48 
48 
48 
48 
48 
48 
48 
48 
48 
48 
48 
48 
48 
48 
48 
48 
48 
48 
48 
48 
48 
48 
48 
48 
48 
48 
48 
48 
48 
48 
48 
48 
48 
48 
48 
48 
48 
48 
48 
48 
41 
41 
41 
41 
41 
41 
41 
41 
41 
41 
41 
41 
41 
41 
41 
41 
41 
41 
41 
41 
41 
41 
41 
41 
41 
41 
41 
41 
41 
41 
41 
41 
41 
41 
41 
41 
41 
41 
41 
41 
41 
41 
41 
41 
41 
41 
41 
41 
41 
41 
41 
41 
41 
41 
41 
41 
41 
41 
41 
41 
41 
41 
41 
41 
41 
41 
41 
41 
41 
41 
41 
41 
41 
41 
41 
41 
41 
41 
41 
41 
41 
41 
41 
41 
41 
41 
41 
41 
41 
41 
41 
41 
41 
41 
41 
41 
41 
41 
41 
41 
41 
41 
41 
41 
41 
41 
41 
41 
41 
41 
41 
41 
41 
41 
41 
41 
41 
41 
41 
41 
41 
41 
41 
41 
41 
41 
41 
41 
41 
41 
41 
41 
41 
41 
41 
41 
41 
41 
41 
41 
41 
41 
41 
41 
41 
41 
41 
41 
41 
41 
41 
41 
41 
41 
41 
41 
41 
41 
41 
41 
41 
41 
41 
41 
41 
41 
41 
41 
41 
41 
41 
41 
41 
41 
41 
41 
41 
41 
41 
41 
41 
41 
41 
41 
41 
41 
41 
41 
41 
41 
41 
41 
41 
41 
41 
41 
41 
41 
41 
41 
41 
41 
41 
41 
41 
41 
41 
41 
41 
41 
41 
41 
41 
41 
41 
41 
41 
41 
41 
41 
41 
41 
41 
41 
41 
41 
41 
41 
41 
41 
41 
41 
41 
41 
41 
41 
41 
41 
41 
41 
48 589 
48 589 
48 589 
48 589 
48 589 
48 589 
48 589 
48 589 
48 589 
48 589 
48 589 
48 249 
48 249 
48 249 
48 249 
48 249 
48 249 
48 249 
48 249 
48 249 
48 249
41 89
41 89
41 89
41 89
41 89
41 89
41 89
41 89
41 89
41 89
41 89
41 89
41 89
41 89
41 89
38 170
38 170
38 170
38 170
38 170
38 170
38 170
38 170
38 170
38 170
38 170
38 170
38 170
38 170
38 170
38 170
38 170
38 170
38 170
38 170
38 170
38 170
38 170
38 170
38 170
38 170
38 170
38 170
38 170
38 170
38 170
38 170
38 170
38 170
38 170
38 170
38 170
38 170
38 170
38 170
38 170
38 170
38 170
38 170
38 170
38 170
38 170
38 170
38 170
38 170
38 170
38 170
38 170
438 39
438 39
438 39
438 39
438 39
438 39
438 39
438 39
438 39
438 39
438 39
39 552
39 552
39 552
39 552
39 552
39 552
39 552
39 552
39 552
39 552
39 45
39 45
39 45
39 45
39 45
39 45
39 45
39 45
39 45
39 45
39 45
39 271
39 271
39 271
39 271
39 271
39 271
39 271
39 271
39 271
39 271
39 271
39 271
39 271
39 271
36 39
36 39
36 39
36 39
36 39
36 39
36 39
36 39
36 39
36 39
36 39
36 39
36 39
36 39
36 39
36 39
36 39
36 39
36 39
36 39
36 39
36 39
36 39
36 39
36 39
36 39
36 39
37 39
37 39
37 39
37 39
37 39
37 39
37 39
37 39
37 39
37 39
37 39
37 39
38 41
38 41
38 41
38 41
38 41
38 41
38 41
38 41
38 41
38 41
38 41
38 41
38 41
38 41
38 41
38 41
38 41
48 36
48 36
48 36
48 36
48 36
48 36
48 36
48 36
48 36
48 36
48 36
48 36
48 36
48 36
48 36
48 36
48 36
48 36
38 89
38 89
38 89
38 89
38 89
38 89
38 89
38 89
38 89
38 89
38 89
38 89
38 89
38 39
38 39
38 39
38 39
38 39
38 39
38 39
38 39
38 39
38 39
38 39
38 39
38 39
38 39
38 39
38 39
38 39
38 39
38 39
38 39
38 39
38 39
38 39
38 39
38 39
38 39
38 39
38 39
38 39
38 39
38 39
38 39
38 39
38 39
38 39
38 39
38 39
38 39
38 39
38 39
38 39
38 39
38 39
38 39
38 39
38 39
38 39
38 39
38 39
38 39
38 39
38 39
38 39
38 39
38 39
38 39
38 39
38 39
38 39
38 39
38 39
38 39
38 39
38 39
38 39
38 39
38 39
38 39
38 39
38 39
38 39
38 39
38 39
38 39
38 39
38 39
38 39
38 39
38 39
38 39
38 39
38 39
38 39
38 39
38 39
38 39
38 39
38 39
38 39
38 39
38 39
38 39
38 39
41 110
41 110
41 110
41 110
41 110
41 110
41 110
41 110
41 110
41 110
41 110
41 110
41 110
41 110
41 110
41 110
41 110
41 110
41 110
41 110
41 110
39 110
39 110
39 110
39 110
39 110
39 110
39 110
39 110
39 110
39 110
39 110
39 110
39 110
39 110
39 110
39 110
39 110
39 110
39 110
39 110
39 110
39 110
39 110
39 110
48 110
48 110
48 110
48 110
48 110
48 110
48 110
48 110
48 110
48 110
48 110
48 110
48 110
48 110
48 110
48 110
48 110
48 110
48 110
48 110
48 110
48 110
48 110
48 110
38 286
38 286
38 286
38 286
38 286
38 286
38 286
38 286
38 286
38 286
38 286
38 286
38 286
38 286
38 286
38 286
38 286
65 39
65 39
65 39
65 39
65 39
65 39
65 39
65 39
65 39
65 39
65 39
65 39
65 39
65 39
65 39
65 39
65 39
371 38
371 38
371 38
371 38
371 38
371 38
371 38
371 38
371 38
371 38
371 38
371 38
371 38
371 38
371 38
371 38
371 38
371 38
371 38
371 38
371 38
371 38
371 38
371 38
371 38
371 38
371 38
371 38
371 38
371 38
371 38
371 38
371 38
740 39
740 39
740 39
740 39
740 39
740 39
740 39
740 39
740 39
740 39
740 39
740 39
740 39
740 39
740 39
48 38 41 110
48 38 41 110
48 38 41 110
48 38 41 110
48 38 41 110
48 38 41 110
48 38 41 110
48 38 41 110
48 38 41 110
48 38 41 110
48 38 41 110
48 38 41 110
48 38 41 110
38 39 41 110
38 39 41 110
38 39 41 110
38 39 41 110
38 39 41 110
38 39 41 110
38 39 41 110
38 39 41 110
38 39 41 110
38 39 41 110
38 39 41 110
38 39 41 110
38 39 41 110
38 39 41 110
38 39 41 110
38 39 41 110
38 39 41 110
48 38 39 170
48 38 39 170
48 38 39 170
48 38 39 170
48 38 39 170
48 38 39 170
48 38 39 170
48 38 39 170
48 38 39 170
48 38 39 170
48 38 39 170
48 38 39 170
48 38 39 170
48 39 41 89
48 39 41 89
48 39 41 89
48 39 41 89
48 39 41 89
48 39 41 89
48 39 41 89
48 39 41 89
48 39 41 89
48 39 41 89
48 39 41 89
48 38 39 41
48 38 39 41
48 38 39 41
48 38 39 41
48 38 39 41
48 38 39 41
48 38 39 41
48 38 39 41
48 38 39 41
48 38 39 41
48 38 39 41
48 38 39 41
48 38 39 41
48 38 39 41
48 38 39 41
48 38 39 41
48 38 39 41
48 38 39 41
48 38 39 41
48 38 39 41
48 38 39 41
48 38 39 41
48 38 39 41
48 38 39 41
48 38 39 41
48 38 39 41
48 38 39 41
48 38 39 41
48 38 39 41
48 38 39 41
48 38 39 41
48 38 39 41
48 38 39 41
48 38 39 41
48 38 39 41
48 38 39 41
48 38 39 41
48 38 39 41
48 38 39 41
48 38 39 41
48 38 39 41
36 38 39 41
36 38 39 41
36 38 39 41
36 38 39 41
36 38 39 41
36 38 39 41
36 38 39 41
36 38 39 41
36 38 39 41
36 38 39 41
36 38 39 41
36 38 39 41
36 38 39 41
48 36 38 39
48 36 38 39
48 36 38 39
48 36 38 39
48 36 38 39
48 36 38 39
48 36 38 39
48 36 38 39
48 36 38 39
48 36 38 39
48 36 38 39
48 36 38 39
38 39 41 170
38 39 41 170
38 39 41 170
38 39 41 170
38 39 41 170
38 39 41 170
38 39 41 170
38 39 41 170
38 39 41 170
38 39 41 170
38 39 41 170
38 39 41 170
570 123 570 824
570 123 570 824
570 123 570 824
570 123 570 824
570 123 570 824
570 123 570 824
570 123 570 824
570 123 570 824
570 123 570 824
570 123 570 824
570 123 570 824
570 123 570 824
570 123 570 824
123 664 570 824
123 664 570 824
123 664 570 824
123 664 570 824
123 664 570 824
123 664 570 824
123 664 570 824
123 664 570 824
123 664 570 824
123 664 570 824
123 664 570 824
123 664 570 824
123 664 570 824
123 664 570 824
123 664 570 824
123 664 570 824
123 664 570 824
570 123 664 170
570 123 664 170
570 123 664 170
570 123 664 170
570 123 664 170
570 123 664 170
570 123 664 170
570 123 664 170
570 123 664 170
570 123 664 170
570 123 664 170
570 123 664 170
570 123 664 170
570 664 570 89
570 664 570 89
570 664 570 89
570 664 570 89
570 664 570 89
570 664 570 89
570 664 570 89
570 664 570 89
570 664 570 89
570 664 570 89
570 664 570 89
570 123 664 570
570 123 664 570
570 123 664 570
570 123 664 570
570 123 664 570
570 123 664 570
570 123 664 570
570 123 664 570
570 123 664 570
570 123 664 570
570 123 664 570
570 123 664 570
570 123 664 570
570 123 664 570
570 123 664 570
570 123 664 570
570 123 664 570
570 123 664 570
570 123 664 570
570 123 664 570
570 123 664 570
570 123 664 570
570 123 664 570
570 123 664 570
570 123 664 570
570 123 664 570
570 123 664 570
570 123 664 570
570 123 664 570
570 123 664 570
570 123 664 570
570 123 664 570
570 123 664 570
570 123 664 570
570 123 664 570
570 123 664 570
570 123 664 570
570 123 664 570
570 123 664 570
570 123 664 570
570 123 664 570
249 123 664 570
249 123 664 570
249 123 664 570
249 123 664 570
249 123 664 570
249 123 664 570
249 123 664 570
249 123 664 570
249 123 664 570
249 123 664 570
249 123 664 570
249 123 664 570
249 123 664 570
570 249 123 664
570 249 123 664
570 249 123 664
570 249 123 664
570 249 123 664
570 249 123 664
570 249 123 664
570 249 123 664
570 249 123 664
570 249 123 664
570 249 123 664
570 249 123 664
123 664 570 170
123 664 570 170
123 664 570 170
123 664 570 170
123 664 570 170
123 664 570 170
123 664 570 170
123 664 570 170
123 664 570 170
123 664 570 170
123 664 570 170
123 664 570 170